                Time               Speed           Elevation     Air Temperature        Air Pressure         Air Density          Drag Force        Thrust Force     Propellant Left
                   0                   0                   0              303.15              101000             1.18209                   0              753000               80000
                   1             9.43028             9.43028              208.15             67702.3             1.15402             5.13139              776308               79700
                   2             19.4809             28.9111              208.15             67702.3             1.15402             21.8978              776308               79400
                   3             29.2767             58.1878              208.15             67702.3             1.15402             49.4571              776308               79100
                   4             39.1094             97.2972              208.15             67702.3             1.15402             88.2566              776308               78800
                   5             48.9799             146.277              208.15             67702.3             1.15402             138.427              776308               78500
                   6             58.8881             205.165              208.15             67702.3             1.15402             200.097              776308               78200
                   7             68.8344                 274              208.15             67702.3             1.15402             273.399              776308               77900
                   8              78.819             352.819              208.15             67702.3             1.15402             358.465              776308               77600
                   9             88.8424             441.661              208.15             67702.3             1.15402             455.434              776308               77300
                  10             98.9048             540.566              208.15             67702.3             1.15402             564.443              776308               77000
                  11             109.006             649.572              208.15             67702.3             1.15402              685.63              776308               76700
                  12             119.148              768.72              208.15             67702.3             1.15402             819.137              776308               76400
                  13             129.329             898.049              208.15             67702.3             1.15402             965.105              776308               76100
                  14              139.55              1037.6              208.15             67702.3             1.15402             1123.69              776308               75800
                  15             149.812             1187.41              208.15             67702.3             1.15402             1295.02              776308               75500
                  16             160.115             1347.53              208.15             67702.3             1.15402             1479.27              776308               75200
                  17             170.459             1517.98              208.15             67702.3             1.15402             1676.57              776308               74900
                  18             180.844             1698.83              208.15             67702.3             1.15402             1887.09              776308               74600
                  19             191.271              1890.1              208.15             67702.3             1.15402             2110.98              776308               74300
                  20             201.741             2091.84              208.15             67702.3             1.15402              2348.4              776308               74000
                  21             212.253             2304.09              208.15             67702.3             1.15402             2599.51              776308               73700
                  22             222.807              2526.9              208.15             67702.3             1.15402             2864.47              776308               73400
                  23             233.406              2760.3              208.15             67702.3             1.15402             3143.46              776308               73100
                  24             244.047             3004.35              208.15             67702.3             1.15402             3436.63              776308               72800
                  25             254.733             3259.08              208.15             67702.3             1.15402             3744.16              776308               72500
                  26             265.463             3524.55              208.15             67702.3             1.15402             4066.24              776308               72200
                  27             276.237             3800.79              208.15             67702.3             1.15402             4403.01              776308               71900
                  28             287.057             4087.84              208.15             67702.3             1.15402             4754.68              776308               71600
                  29             297.922             4385.76              208.15             67702.3             1.15402             5121.42              776308               71300
                  30             308.833              4694.6              208.15             67702.3             1.15402             5503.42              776308               71000
                  31              319.79             5014.39              208.15             67702.3             1.15402             5900.86              776308               70700
                  32             330.794             5345.18              208.15             67702.3             1.15402             6313.93              776308               70400
                  33             341.844             5687.02              208.15             67702.3             1.15402             6742.82              776308               70100
                  34             352.942             6039.97              208.15             67702.3             1.15402             7187.74              776308               69800
                  35             364.088             6404.06              208.15             67702.3             1.15402              7648.9              776308               69500
                  36             375.282             6779.34              208.15             67702.3             1.15402             8126.46              776308               69200
                  37             386.525             7165.86              208.15             67702.3             1.15402             8620.66              776308               68900
                  38             397.817             7563.68              208.15             67702.3             1.15402              9131.7              776308               68600
                  39             409.158             7972.84              208.15             67702.3             1.15402             9659.78              776308               68300
                  40             420.549             8393.39              208.15             67702.3             1.15402             10205.1              776308               68000
                  41             431.991             8825.38              208.15             67702.3             1.15402               10768              776308               67700
                  42             443.483             9268.86              208.15             67702.3             1.15402             11348.5              776308               67400
                  43             455.027             9723.89              208.15             67702.3             1.15402               11947              776308               67100
                  44             466.622             10190.5              208.15             67702.3             1.15402             12563.7              776308               66800
                  45              478.27             10668.8              208.15             67702.3             1.15402             13198.7              776308               66500
                  46              489.97             11158.8              208.15             67702.3             1.15402             13852.4              776308               66200
                  47             501.723             11660.5              208.15             67702.3             1.15402             14524.9              776308               65900
                  48              513.53               12174              208.15             67702.3             1.15402             15216.6              776308               65600
                  49             525.391             12699.4              208.15             67702.3             1.15402             15927.6              776308               65300
                  50             537.307             13236.7              208.15             67702.3             1.15402             16658.3              776308               65000
                  51             549.278               13786              208.15             67702.3             1.15402             17408.8              776308               64700
                  52             561.305             14347.3              208.15             67702.3             1.15402             18179.5              776308               64400
                  53             573.387             14920.7              208.15             67702.3             1.15402             18970.6              776308               64100
                  54             585.527             15506.2              208.15             67702.3             1.15402             19782.4              776308               63800
                  55             597.723             16103.9              208.15             67702.3             1.15402             20615.1              776308               63500
                  56             609.977             16713.9              208.15             67702.3             1.15402               21469              776308               63200
                  57              622.29             17336.2              208.15             67702.3             1.15402             22344.5              776308               62900
                  58             634.661             17970.9              208.15             67702.3             1.15402             23241.8              776308               62600
                  59             647.092             18617.9              208.15             67702.3             1.15402             24161.1              776308               62300
                  60             659.583             19277.5              208.15             67702.3             1.15402             25102.9              776308               62000
                  61             672.135             19949.7              208.15             67702.3             1.15402             26067.4              776308               61700
                  62             684.747             20634.4              198.15             45382.2            0.812605             19050.7              791932               61400
                  63             711.458             21345.9              198.15             45382.2            0.812605             20565.9              791932               61100
                  64             724.451             22070.3              198.15             45382.2            0.812605               21324              791932               60800
                  65             737.509             22807.8              198.15             45382.2            0.812605             22099.6              791932               60500
                  66             750.631             23558.5              198.15             45382.2            0.812605               22893              791932               60200
                  67             763.819             24322.3              198.15             45382.2            0.812605             23704.5              791932               59900
                  68             777.073             25099.4              198.15             45382.2            0.812605             24534.3              791932               59600
                  69             790.394             25889.7              198.15             45382.2            0.812605             25382.7              791932               59300
                  70             803.783             26693.5              198.15             45382.2            0.812605             26249.9              791932               59000
                  71              817.24             27510.8              198.15             45382.2            0.812605             27136.2              791932               58700
                  72             830.765             28341.5              198.15             45382.2            0.812605             28041.8              791932               58400
                  73             844.361             29185.9              198.15             45382.2            0.812605             28967.2              791932               58100
                  74             858.027             30043.9              198.15             45382.2            0.812605             29912.4              791932               57800
                  75             871.764             30915.7              198.15             45382.2            0.812605             30877.9              791932               57500
                  76             885.572             31801.3              198.15             45382.2            0.812605             31863.8              791932               57200
                  77             899.454             32700.7              198.15             45382.2            0.812605             32870.6              791932               56900
                  78             913.409             33614.1              198.15             45382.2            0.812605             33898.4              791932               56600
                  79             927.437             34541.6              198.15             45382.2            0.812605             34947.7              791932               56300
                  80             941.541             35483.1              198.15             45382.2            0.812605             36018.7              791932               56000
                  81             955.721             36438.8              198.15             45382.2            0.812605             37111.8              791932               55700
                  82             969.977             37408.8              198.15             45382.2            0.812605             38227.2              791932               55400
                  83             984.311             38393.1              198.15             45382.2            0.812605             39365.4              791932               55100
                  84             998.723             39391.8              198.15             45382.2            0.812605             40526.6              791932               54800
                  85             1013.21             40405.1              188.15             30420.6            0.573656             29445.8              802405               54500
                  86             1041.38             41446.4              188.15             30420.6            0.573656             31105.5              802405               54200
                  87             1056.22             42502.7              188.15             30420.6            0.573656             31998.7              802405               53900
                  88             1071.15             43573.8              188.15             30420.6            0.573656             32909.6              802405               53600
                  89             1086.16               44660              188.15             30420.6            0.573656             33838.6              802405               53300
                  90             1101.26             45761.2              188.15             30420.6            0.573656             34785.8              802405               53000
                  91             1116.44             46877.7              188.15             30420.6            0.573656             35751.6              802405               52700
                  92             1131.71             48009.4              188.15             30420.6            0.573656             36736.2              802405               52400
                  93             1147.07             49156.5              188.15             30420.6            0.573656               37740              802405               52100
                  94             1162.52               50319              188.15             30420.6            0.573656             38763.2              802405               51800
                  95             1178.05               51497              188.15             30420.6            0.573656             39806.1              802405               51500
                  96             1193.68             52690.7              188.15             30420.6            0.573656             40869.2              802405               51200
                  97              1209.4             53900.1              188.15             30420.6            0.573656             41952.6              802405               50900
                  98             1225.21             55125.3              188.15             30420.6            0.573656             43056.7              802405               50600
                  99             1241.11             56366.4              188.15             30420.6            0.573656             44181.8              802405               50300
                 100             1257.11             57623.5              188.15             30420.6            0.573656             45328.3              802405               50000
                 101             1273.21             58896.7              188.15             30420.6            0.573656             46496.5              802405               49700
                 102              1289.4             60186.1              178.15             20391.5            0.406118             33759.7              809426               49400
                 103             1317.12             61503.3              178.15             20391.5            0.406118             35226.7              809426               49100
                 104             1333.65             62836.9              178.15             20391.5            0.406118             36116.7              809426               48800
                 105             1350.29             64187.2              178.15             20391.5            0.406118             37023.5              809426               48500
                 106             1367.03             65554.2              178.15             20391.5            0.406118             37947.2              809426               48200
                 107             1383.88             66938.1              178.15             20391.5            0.406118             38888.2              809426               47900
                 108             1400.83             68338.9              178.15             20391.5            0.406118             39846.8              809426               47600
                 109             1417.89             69756.8              178.15             20391.5            0.406118             40823.1              809426               47300
                 110             1435.06             71191.9              178.15             20391.5            0.406118             41817.7              809426               47000
                 111             1452.33             72644.2              178.15             20391.5            0.406118             42830.6              809426               46700
                 112             1469.72             74113.9              178.15             20391.5            0.406118             43862.4              809426               46400
                 113             1487.22             75601.2              178.15             20391.5            0.406118             44913.2              809426               46100
                 114             1504.84               77106              178.15             20391.5            0.406118             45983.4              809426               45800
                 115             1522.57             78628.6              178.15             20391.5            0.406118             47073.5              809426               45500
                 116             1540.42               80169              168.15             13668.9            0.288419             34219.2              814132               45200
                 117             1567.44             81736.4              168.15             13668.9            0.288419             35430.6              814132               44900
                 118             1585.64             83322.1              168.15             13668.9            0.288419             36257.8              814132               44600
                 119             1603.95               84926              168.15             13668.9            0.288419             37100.3              814132               44300
                 120             1622.39             86548.4              168.15             13668.9            0.288419             37958.2              814132               44000
                 121             1640.96             88189.4              168.15             13668.9            0.288419               38832              814132               43700
                 122             1659.65               89849              168.15             13668.9            0.288419             39721.8              814132               43400
                 123             1678.48             91527.5              168.15             13668.9            0.288419             40627.9              814132               43100
                 124             1697.43             93224.9              168.15             13668.9            0.288419             41550.8              814132               42800
                 125             1716.52             94941.5              168.15             13668.9            0.288419             42490.6              814132               42500
                 126             1735.75             96677.2              168.15             13668.9            0.288419             43447.6              814132               42200
                 127             1755.11             98432.3              168.15             13668.9            0.288419             44422.3              814132               41900
                 128             1774.61              100207              173.15             9162.51             0.18775             29563.4              817286               41600
                 129              1801.2              102008              173.15             9162.51             0.18775             30456.1              817286               41300
                 130             1821.06              103829              173.15             9162.51             0.18775             31131.5              817286               41000
                 131             1841.07              105670              173.15             9162.51             0.18775             31819.3              817286               40700
                 132             1861.22              107531              173.15             9162.51             0.18775             32519.8              817286               40400
                 133             1881.53              109413              173.15             9162.51             0.18775             33233.2              817286               40100
                 134             1901.99              111315              173.15             9162.51             0.18775             33959.8              817286               39800
                 135              1922.6              113238              173.15             9162.51             0.18775             34699.9              817286               39500
                 136             1943.37              115181              173.15             9162.51             0.18775             35453.7              817286               39200
                 137              1964.3              117145              173.15             9162.51             0.18775             36221.4              817286               38900
                 138             1985.39              119131              173.15             9162.51             0.18775             37003.4              817286               38600
                 139             2006.65              121137              178.15             6141.82             0.12232               24627              819401               38300
                 140             2033.32              123171              178.15             6141.82             0.12232             25285.9              819401               38000
                 141             2054.97              125226              178.15             6141.82             0.12232             25827.2              819401               37700
                 142             2076.79              127302              178.15             6141.82             0.12232             26378.7              819401               37400
                 143             2098.78              129401              178.15             6141.82             0.12232             26940.4              819401               37100
                 144             2120.96              131522              178.15             6141.82             0.12232             27512.8              819401               36800
                 145             2143.32              133665              178.15             6141.82             0.12232             28095.9              819401               36500
                 146             2165.86              135831              178.15             6141.82             0.12232               28690              819401               36200
                 147             2188.59              138020              178.15             6141.82             0.12232             29295.3              819401               35900
                 148             2211.51              140231              183.15             4116.98           0.0797554             19503.3              820818               35600
                 149             2238.49              142470              183.15             4116.98           0.0797554             19982.1              820818               35300
                 150             2261.84              144732              183.15             4116.98           0.0797554             20401.2              820818               35000
                 151              2285.4              147017              183.15             4116.98           0.0797554             20828.2              820818               34700
                 152             2309.15              149326              183.15             4116.98           0.0797554             21263.5              820818               34400
                 153             2333.12              151659              183.15             4116.98           0.0797554             21707.2              820818               34100
                 154              2357.3              154017              183.15             4116.98           0.0797554             22159.4              820818               33800
                 155             2381.69              156398              183.15             4116.98           0.0797554             22620.4              820818               33500
                 156              2406.3              158805              183.15             4116.98           0.0797554             23090.3              820818               33200
                 157             2431.14              161236              188.15              2759.7           0.0520409             15379.2              821768               32900
                 158             2459.04              163695              188.15              2759.7           0.0520409             15734.3              821768               32600
                 159             2484.37              166179              188.15              2759.7           0.0520409               16060              821768               32300
                 160             2509.93              168689              188.15              2759.7           0.0520409             16392.2              821768               32000
                 161             2535.73              171225              188.15              2759.7           0.0520409               16731              821768               31700
                 162             2561.78              173787              188.15              2759.7           0.0520409             17076.4              821768               31400
                 163             2588.07              176375              188.15              2759.7           0.0520409             17428.8              821768               31100
                 164             2614.62              178989              188.15              2759.7           0.0520409             17788.3              821768               30800
                 165             2641.44              181631              193.15             1849.88            0.033981             11854.6              822405               30500
                 166             2670.58              184301              193.15             1849.88            0.033981             12117.6              822405               30200
                 167             2697.95              186999              193.15             1849.88            0.033981             12367.3              822405               29900
                 168             2725.59              189725              193.15             1849.88            0.033981               12622              822405               29600
                 169             2753.52              192478              193.15             1849.88            0.033981               12882              822405               29300
                 170             2781.73              195260              193.15             1849.88            0.033981             13147.3              822405               29000
                 171             2810.24              198070              193.15             1849.88            0.033981             13418.2              822405               28700
                 172             2839.04              200909              198.15             1240.01           0.0222034             8948.17              822832               28400
                 173             2869.65              203779              198.15             1240.01           0.0222034              9142.1              822832               28100
                 174             2899.09              206678              198.15             1240.01           0.0222034             9330.64              822832               27800
                 175             2928.84              209607              198.15             1240.01           0.0222034             9523.18              822832               27500
                 176             2958.93              212566              198.15             1240.01           0.0222034             9719.84              822832               27200
                 177             2989.35              215555              198.15             1240.01           0.0222034             9920.71              822832               26900
                 178             3020.11              218575              198.15             1240.01           0.0222034             10125.9              822832               26600
                 179             3051.22              221627              203.15             831.204           0.0145171             6757.65              823118               26300
                 180             3083.76              224710              203.15             831.204           0.0145171             6902.55              823118               26000
                 181              3115.6              227826              203.15             831.204           0.0145171             7045.83              823118               25700
                 182             3147.82              230974              203.15             831.204           0.0145171              7192.3              823118               25400
                 183             3180.42              234154              203.15             831.204           0.0145171             7342.04              823118               25100
                 184             3213.41              237368              203.15             831.204           0.0145171             7495.15              823118               24800
                 185              3246.8              240614              208.15             557.173          0.00949733              5005.9              823310               24500
                 186             3281.37              243896              208.15             557.173          0.00949733             5113.07              823310               24200
                 187              3315.6              247211              208.15             557.173          0.00949733             5220.31              823310               23900
                 188             3350.27              250562              208.15             557.173          0.00949733             5330.04              823310               23600
                 189             3385.38              253947              208.15             557.173          0.00949733             5442.34              823310               23300
                 190             3420.94              257368              208.15             557.173          0.00949733             5557.29              823310               23000
                 191             3456.97              260825              213.15             373.484          0.00621691             3714.81              823438               22700
                 192             3494.03              264319              213.15             373.484          0.00621691             3794.88              823438               22400
                 193             3531.04              267850              213.15             373.484          0.00621691              3875.7              823438               22100
                 194             3568.55              271419              213.15             373.484          0.00621691             3958.49              823438               21800
                 195             3606.59              275025              213.15             373.484          0.00621691             4043.32              823438               21500
                 196             3645.16              278670              213.15             373.484          0.00621691             4130.26              823438               21200
                 197             3684.28              282355              218.15             250.354          0.00407181             2763.51              823525               20900
                 198             3724.35              286079              218.15             250.354          0.00407181             2823.96              823525               20600
                 199             3764.62              289844              218.15             250.354          0.00407181             2885.36              823525               20300
                 200             3805.49              293649              218.15             250.354          0.00407181             2948.35              823525               20000
                 201             3846.98              297496              218.15             250.354          0.00407181             3012.99              823525               19700
                 202              3889.1              301385              223.15             167.817          0.00266826             2017.89              823582               19400
                 203             3932.16              305317              223.15             167.817          0.00266826             2062.82              823582               19100
                 204             3975.62              309293              223.15             167.817          0.00266826             2108.67              823582               18800
                 205             4019.78              313313              223.15             167.817          0.00266826             2155.77              823582               18500
                 206             4064.67              317377              223.15             167.817          0.00266826             2204.18              823582               18200
                 207              4110.3              321488              228.15             112.491          0.00174939             1477.76              823621               17900
                 208             4156.89              325645              228.15             112.491          0.00174939             1511.45              823621               17600
                 209             4204.09              329849              228.15             112.491          0.00174939             1545.97              823621               17300
                 210             4252.12              334101              228.15             112.491          0.00174939             1581.49              823621               17000
                 211                4301              338402              228.15             112.491          0.00174939             1618.06              823621               16700
                 212             4350.77              342752              233.15             75.4052           0.0011475             1086.06              823647               16400
                 213             4401.59              347154              233.15             75.4052           0.0011475             1111.59              823647               16100
                 214             4453.23              351607              233.15             75.4052           0.0011475             1137.82              823647               15800
                 215             4505.86              356113              233.15             75.4052           0.0011475             1164.88              823647               15500
                 216             4559.52              360673              238.15             50.5456         0.000753045             782.761              823664               15200
                 217             4614.35              365287              238.15             50.5456         0.000753045             801.699              823664               14900
                 218             4670.19              369957              238.15             50.5456         0.000753045             821.221              823664               14600
                 219             4727.19              374684              238.15             50.5456         0.000753045             841.391              823664               14300
                 220             4785.41              379470              238.15             50.5456         0.000753045              862.24              823664               14000
                 221             4844.88              384315              243.15             33.8817         0.000494401              580.25              823676               13700
                 222             4905.74              389220              243.15             33.8817         0.000494401             594.919              823676               13400
                 223              4967.9              394188              243.15             33.8817         0.000494401             610.093              823676               13100
                 224             5031.51              399220              243.15             33.8817         0.000494401             625.816              823676               12800
                 225             5096.63              404316              248.15             22.7116         0.000324729             421.752              823684               12500
                 226             5163.37              409480              248.15             22.7116         0.000324729             432.871              823684               12200
                 227             5231.73              414712              248.15             22.7116         0.000324729             444.409              823684               11900
                 228             5301.84              420013              253.15              15.224         0.000213373             299.891              823689               11600
                 229             5373.81              425387              253.15              15.224         0.000213373             308.088              823689               11300
                 230             5447.69              430835              253.15              15.224         0.000213373             316.618              823689               11000
                 231             5523.61              436359              253.15              15.224         0.000213373             325.504              823689               10700
                 232             5601.69              441960              258.15              10.205         0.000140258             220.058              823693               10400
                 233             5682.08              447642              258.15              10.205         0.000140258             226.419              823693               10100
                 234             5764.87              453407              258.15              10.205         0.000140258             233.065              823693                9800
                 235             5850.24              459257              258.15              10.205         0.000140258             240.019              823693                9500
                 236             5938.34              465196              263.15              6.8406         9.22314e-05             162.622              823695                9200
                 237             6029.38              471225              263.15              6.8406         9.22314e-05             167.646              823695                8900
                 238             6123.53              477349              263.15              6.8406         9.22314e-05             172.923              823695                8600
                 239             6221.02              483570              258.15             4.58539          6.3022e-05             121.951              823697                8300
                 240             6322.11              489892              258.15             4.58539          6.3022e-05             125.946              823697                8000
                 241             6427.05              496319              258.15             4.58539          6.3022e-05             130.162              823697                7700
                 242             6536.16              502855              273.15                   0                   0                   0              823700                7400
